2023-06-08-127,1,1,1,65535,4294967295,280
2023-06-09-127,1,1,1,65535,4294967295,280
2023-06-09--30,0,100,0,65535,4294967295,0
2023-06-09-127,1,1,1,65535,4294967295,280
2023-06-09-127,1,1,1,65535,4294967295,280
2023-06-09--30,0,100,0,65535,4294967295,0
2023-06-09-127,1,1,1,65535,4294967295,280
2023-06-09-127,1,1,1,65535,4294967295,280
2023-06-09-127,1,1,1,65535,4294967295,280
2023-06-09-127,1,1,1,65535,4294967295,280
2023-06-09-127,1,1,1,65535,4294967295,280
2023-06-09--30,0,100,0,65535,4294967295,0
2023-06-09-127,1,1,1,65535,4294967295,280
2023-06-09--30,0,100,0,65535,4294967295,0
2023-06-09-127,1,1,1,65535,4294967295,280
2023-06-09-127,1,1,1,65535,4294967295,280
2023-06-09--30,0,100,0,65535,4294967295,0
2023-06-09-127,1,1,1,65535,4294967295,280
2023-06-09-127,1,1,1,65535,4294967295,280
2023-06-09-127,1,1,1,65535,4294967295,280
2023-06-09--30,0,100,0,65535,4294967295,0
2023-06-09-127,1,1,1,65535,4294967295,280
2023-06-09--30,0,100,0,65535,4294967295,0
2023-06-09-127,1,1,1,65535,4294967295,280
2023-06-09-127,1,1,1,65535,4294967295,280
2023-06-09--30,0,100,0,65535,4294967295,0
2023-06-09-127,1,1,1,65535,4294967295,280
2023-06-09-127,1,1,1,65535,4294967295,280
2023-06-09-0,127,1,257,65280,4294967295,71935
2023-06-09--30,0,100,0,65535,4294967295,0
2023-06-09-127,1,1,1,65535,4294967295,280
2023-06-09--30,0,100,0,65535,4294967295,0
2023-06-09-127,1,1,1,65535,4294967295,280
2023-06-09-127,1,1,1,65535,4294967295,280
2023-06-09--30,0,100,0,65535,4294967295,0
2023-06-09-127,1,1,1,65535,4294967295,280
2023-06-09--30,0,100,0,65535,4294967295,0
2023-06-09-127,1,1,1,65535,4294967295,280
2023-06-09--30,0,100,0,65535,4294967295,0
2023-06-09-127,1,1,1,65535,4294967295,280
2023-06-09--30,0,100,0,65535,4294967295,0
2023-06-09-127,1,1,1,65535,4294967295,280
2023-06-09--30,0,100,0,65535,4294967295,0
2023-06-09-127,1,1,1,65535,4294967295,280
2023-06-09--30,0,100,0,65535,4294967295,0
2023-06-09-127,1,1,1,65535,4294967295,280
2023-06-09--30,0,100,0,65535,4294967295,0
2023-06-09-127,1,1,1,65535,4294967295,280
2023-06-09--30,0,100,0,65535,4294967295,0
2023-06-09-127,1,1,1,65535,4294967295,280
2023-06-09--30,0,100,0,65535,4294967295,0
2023-06-09-127,1,1,1,65535,4294967295,280
2023-06-09--30,0,100,0,65535,4294967295,0
